6552399101551502246 606610978192245159 2115150401378954457 1009771018869389186
4609233154215149995 3130710921828470488 4310510159185260355 2395385220516190360
214746693400410127 159435720457261708 2442810974539338931 35501619141949719
308255412884587416 1536657229450125903 3167180114852064815 4290880973037606445
8359319322216833632 2430030076986733144 3015668934411387243 3233670860040533896
1941671692424533544 3515018043208328345 218891434698739528 1513713192289168994
5344331758610462784 3488327661988236531 1684827241119895587 4531213415756003423
4462859269604672086 3474240571030119121 335204471374411245 4079991494710749196
4288125057741457703 2012592377371830530 2203148901850841145 1267784031717516420
1340834222098879679 767878928537511188 4139708945168479132 279303664389123674
